1;1;1;1;1;1;1;1;1;1;1;1;1;1;1;1;1;1;1;1;1;1;
1;0;-1;-2;-3;-4;-5;1;-59;-58;-57;-56;-55;-54;-53;-52;-51;-50;-49;-48;-47;1;
1;-1;1;1;1;1;-6;1;-60;1;1;1;1;1;-54;1;-52;1;1;1;-46;1;
1;-2;1;-10;-9;-8;-7;1;-61;-62;-63;-64;-65;1;-55;1;-53;1;-57;1;-45;1;
1;-3;1;1;1;1;1;1;-62;1;1;1;-66;1;-56;1;-54;-55;-56;1;-44;1;
1;-4;-5;-6;-7;1;-23;-24;-25;-26;-27;1;-67;1;1;1;1;-56;1;1;-43;1;
1;1;1;1;-8;1;-22;1;-96;1;-28;1;-68;-69;-36;-37;-38;-39;-40;-41;-42;1;
1;-12;-11;-10;-9;1;-21;1;-95;1;-29;1;1;1;-35;1;-39;1;1;1;1;1;
1;-13;1;1;1;1;-20;1;-94;1;-30;-31;-32;-33;-34;1;-40;1;-50;-49;-48;1;
1;-14;-15;-16;-17;-18;-19;1;-93;1;-95;1;-61;1;-51;1;-41;1;1;1;-47;1;
1;1;1;1;1;1;1;1;-92;1;-94;1;-60;1;-50;1;-42;-43;-44;-45;-46;1;
1;-84;-85;-86;-87;-88;-89;-90;-91;-92;-93;1;-59;1;-49;1;1;-44;1;1;1;1;
1;-83;1;1;1;1;1;1;1;1;1;1;-58;1;-48;-47;-46;-45;-46;-47;-48;1;
1;-82;1;-76;-75;-74;1;-60;-59;-58;-57;-56;-57;1;-49;1;-47;1;1;1;-49;1;
1;-81;1;-77;1;-73;1;-61;1;1;1;-55;1;1;-50;1;-48;-49;-50;1;-50;1;
1;-80;-79;-78;1;-72;1;-62;-63;-64;1;-54;-53;-52;-51;1;-49;1;1;1;-51;1;
1;1;1;-79;1;-71;1;1;1;-65;1;1;1;1;1;1;-50;1;-54;-53;-52;1;
1;-82;-81;-80;1;-70;-69;-68;-67;-66;1;-56;-55;-54;-53;-52;-51;1;-55;1;-53;1;
1;1;1;1;1;1;1;1;1;1;1;1;1;1;1;1;1;1;1;1;1;1;
